48
D3 1 1 1
D3 0.75 0.75 0.75
D3 0.6667 0.6667 0.6667
D3 0.5 0.5 0.5
D3 0.333 0.333 0.333
D3 0.2 0.2 0.2
D3 0.1 0.1 0.1
D3 0.05 0.05 0.05
D3 0.025 0.025 0.025
D3 0.0125 0.0125 0.0125
D3 0.00625 0.00625 0.00625
D3 0 0 0
D3 0.3 0.075 0.1875
D3 0.3 0.075 0.3
D3 0.1875 0.075 0.3
D3 0.075 0.075 0.3
D3 0.075 0.1875 0.3
D3 0.075 0.3 0.3
D3 0.075 0.3 0.1875
D3 0.075 0.3 0.075
D3 0.1875 0.3 0.075
D3 0.3 0.3 0.075
D3 0.3 0.1875 0.075
D3 0.3 0.075 0.075
D3 0.5 0 0.25
D3 0.5 0 0.5
D3 0.25 0 0.5
D3 0 0 0.5
D3 0 0.25 0.5
D3 0 0.5 0.5
D3 0 0.5 0.25
D3 0 0.5 0
D3 0.25 0.5 0
D3 0.5 0.5 0
D3 0.5 0.25 0
D3 0.5 0 0
D3 0.9 0 0.45
D3 0.9 0 0.9
D3 0.45 0 0.9
D3 0 0 0.9
D3 0 0.45 0.9
D3 0 0.9 0.9
D3 0 0.9 0.45
D3 0 0.9 0
D3 0.45 0.9 0
D3 0.9 0.9 0
D3 0.9 0.45 0
D3 0.9 0 0
